r3d2sklt
2
1253675
45
Bomb
0
-1
0.1
0.785414 0.56456 -0.253766 20.8762 
2.77556e-017 0.409981 0.912094 70.0423 
0.618971 -0.716372 0.322004 -32.3982 
Bomb_b
1
-1
0.1
0.901296 -0.305078 0.30756 -15.3209 
5.55112e-017 0.709966 0.704236 73.0582 
-0.433204 -0.634725 0.639889 -31.5002 
Bomb_c
2
-1
0.1
0.995784 0.0797371 -0.0453527 -0.597544 
-8.32667e-017 0.494401 0.869234 43.8233 
0.0917326 -0.865569 0.492317 -39.755 
Root
3
-1
0.1
-2.22045e-016 -1 0 0 
-1 2.22045e-016 0 33.1165 
0 -0 -1 -11.3543 
Hip
4
3
0.1
-1 -2.36625e-019 6.77879e-018 0 
-0 0.998934 0.046154 31.1456 
-3.46945e-018 0.046154 -0.998934 -11.3727 
Jaw
5
-1
0.1
0.664231 0.55296 -0.503024 6.55852e-015 
0.00453723 0.669922 0.742417 82.8832 
0.747514 -0.495419 0.442474 2.67261 
L_thigh
6
4
0.1
-0.369765 0.929125 2.66078e-008 -9.79835 
-0.929125 -0.369765 -1.05891e-008 29.8147 
6.93889e-018 -2.86375e-008 1 -11.4102 
L_calf
7
6
0.1
-0.298869 0.954294 2.66078e-008 -14.1329 
-0.954294 -0.298869 -1.05891e-008 19.874 
-2.1529e-009 -2.85565e-008 1 -3.8732 
waist
8
3
0.1
-1 2.19592e-016 1.90348e-017 0 
2.22045e-016 0.988954 0.148225 39.5247 
0 0.148225 -0.988954 -10.9856 
L_cloth
9
8
0.1
-3.2777e-016 7.09822e-017 -1 -8.04851 
-0.970142 -0.242536 3.31841e-016 29.4566 
-0.242536 0.970142 1.64563e-017 -24.0659 
L_cloth_b
10
9
0.1
-3.33918e-016 -2.58096e-008 -1 -8.04851 
-0.934052 -0.357137 9.21756e-009 22.7897 
-0.357137 0.934052 -2.41075e-008 -25.7326 
L_ear
11
-1
0.1
0.706331 0.530648 -0.468517 -21.7642 
7.55389e-016 -0.661858 -0.749629 88.2968 
-0.707881 0.529487 -0.467491 -0.262973 
chest
12
8
0.1
-1 2.17302e-016 3.69137e-017 2.50322e-015 
2.22045e-016 0.973536 0.228535 50.7196 
0 0.228535 -0.973536 -9.30766 
L_shoulder
13
12
0.1
-0.999401 -0.0346113 1.89287e-017 4.01745 
0.0346113 -0.999401 1.11022e-016 61.4316 
3.46945e-018 1.11022e-016 1 -8.96313 
L_uparm
14
13
0.1
-0.740341 0.668006 -0.0752487 -21.7911 
-0.665108 -0.744145 -0.0622893 62.2057 
-0.0976056 0.00393315 0.995217 -7.36121 
L_forearm
15
14
0.1
-0.60822 0.788316 0.0928776 -30.2637 
-0.779282 -0.615271 0.119001 54.7301 
0.150955 7.03246e-007 0.988541 -8.2736 
L_hand
16
15
0.1
-0.458675 0.837165 0.297946 -37.9407 
-0.883625 -0.465148 -0.0533369 45.0802 
0.0939372 -0.287737 0.953091 -6.07485 
L_finger
17
16
0.1
0.0766965 -0.946966 -0.312046 -44.082 
-0.997054 -0.0728435 -0.0240036 31.1469 
-3.46945e-016 0.312968 -0.949764 -4.47892 
L_finger_b
18
17
0.1
0.356702 -0.883959 -0.302292 -43.6241 
-0.934218 -0.337512 -0.11542 25.1064 
-3.33067e-016 0.323577 -0.946202 -4.47892 
L_foot
19
7
0.1
-0.989319 -2.85611e-008 -0.145769 -17.1148 
3.0413e-008 -1 -1.0476e-008 10.3013 
-0.145769 -1.47974e-008 0.989319 -5.42185 
L_thumb
20
16
0.1
0.467649 -0.743507 0.478019 -37.8827 
-0.753964 -0.617796 -0.223307 37.3863 
0.461348 -0.25598 -0.849489 0.378924 
L_toe
21
19
0.1
-0.0987543 4.35068e-008 0.995112 -18.8088 
-1.19046e-008 -1 4.25392e-008 0.0579996 
0.995112 -7.64544e-009 0.0987543 2.34989 
R_thigh
22
4
0.1
-0.369765 0.929125 6.78249e-018 9.79835 
0.929125 0.369765 -6.93889e-018 29.8147 
-6.93889e-018 3.46945e-018 -1 -11.4102 
R_calf
23
22
0.1
-0.298869 0.954294 6.78249e-018 14.1329 
0.954294 0.298869 -6.93889e-018 19.874 
-6.65843e-018 3.98128e-018 -1 -3.8732 
R_cloth
24
8
0.1
1.05726e-016 1.51062e-016 -1 8.04851 
0.970142 0.242536 1.28705e-016 29.4566 
0.242536 -0.970142 -1.26252e-016 -24.0659 
R_cloth_b
25
24
0.1
8.68451e-017 1.62652e-016 -1 8.04851 
0.934052 0.357137 1.28705e-016 22.7897 
0.357137 -0.934052 -1.26252e-016 -25.7326 
R_ear
26
-1
0.1
0.706331 0.530648 -0.468517 21.7642 
7.53779e-017 0.661858 0.749629 88.2968 
0.707881 -0.529487 0.467491 -0.262973 
R_shoulder
27
12
0.1
-0.999401 -0.0346113 -1.63266e-017 -4.01745 
-0.0346113 0.999401 1.66533e-016 61.4316 
-4.33681e-018 1.38778e-016 -1 -8.96313 
R_uparm
28
27
0.1
-0.740341 0.668006 -0.0752487 21.7911 
0.665108 0.744145 0.0622894 62.2057 
0.0976056 -0.00393309 -0.995217 -7.36121 
R_forearm
29
28
0.1
-0.60822 0.788316 0.0928776 30.2637 
0.779282 0.615271 -0.119001 54.7301 
-0.150955 -6.39245e-007 -0.988541 -8.2736 
R_hand
30
29
0.1
-0.458675 0.837165 0.297946 37.9407 
0.883625 0.465148 0.0533369 45.0802 
-0.0939372 0.287737 -0.953091 -6.07485 
R_finger
31
30
0.1
0.0766965 -0.946966 -0.312046 44.082 
0.997054 0.0728435 0.0240036 31.1469 
6.07014e-014 -0.312968 0.949764 -4.47892 
R_finger_b
32
31
0.1
0.356702 -0.883959 -0.302292 43.6241 
0.934218 0.337512 0.11542 25.1064 
7.70217e-014 -0.323577 0.946202 -4.47892 
R_foot
33
23
0.1
-0.989319 -1.11022e-016 -0.145769 17.1148 
1.01148e-018 1 -2.76815e-017 10.3013 
0.145769 -1.9042e-017 -0.989319 -5.42185 
R_thumb
34
30
0.1
0.467649 -0.743507 0.478019 37.8827 
0.753964 0.617796 0.223307 37.3863 
-0.461348 0.25598 0.849489 0.378924 
R_toe
35
33
0.1
-0.0987543 -1.11022e-016 0.995112 18.8088 
-2.76983e-017 1 3.00575e-019 0.0579997 
-0.995112 -1.9042e-017 -0.0987543 2.34989 
Wick
36
0
0.1
0.453499 0.883299 -0.118833 31.5439 
8.32667e-017 0.133331 0.991072 77.7891 
0.891257 -0.44945 0.0604656 -45.9345 
Wick_b
37
36
0.1
0.470499 0.547865 0.691719 40.5229 
-3.17324e-015 -0.783906 0.62088 79.1445 
0.8824 -0.292124 -0.368827 -50.5033 
Wick_c
38
1
0.1
0.982049 -0.154995 0.107498 -20.9098 
-0 0.569903 0.821712 86.0644 
-0.188625 -0.806962 0.559673 -43.1281 
Wick_d
39
38
0.1
0.970298 -0.198191 -0.138713 -22.5103 
-1.55584e-013 -0.573406 0.819271 91.9494 
-0.241911 -0.794938 -0.556375 -51.461 
Wick_e
40
2
0.1
0.857493 0.500104 -0.120839 2.79479 
-1.48215e-014 0.234868 0.972027 60.1623 
0.514496 -0.833507 0.201398 -69.2222 
Wick_f
41
40
0.1
0.774873 0.471364 0.421173 11.7093 
-0.000191889 -0.666115 0.745849 64.89 
0.632116 -0.578019 -0.516064 -84.1443 
armor
42
12
0.1
2.19702e-016 1.28739e-016 1 3.48307e-015 
0.999835 0.0181585 -1.1396e-016 54.4857 
-0.0181585 0.999835 2.53725e-017 2.99322 
neck
43
12
0.1
-1 1.50048e-016 1.61457e-016 4.43531e-015 
2.22045e-016 0.63382 0.773481 66.9963 
0 0.773481 -0.63382 -5.48673 
head
44
43
0.1
-3.30376e-016 1.02081e-015 1 6.55852e-015 
-0.987149 0.159801 -5.22009e-016 68.8534 
-0.159801 -0.987149 1.03525e-015 -3.22044 
